26.1 0.0 0.0, 0 34.8 0.0

3.075 3.075 0, 1.626 -1.626 0
11.775 3.075 0,1.626 -1.626 0
20.475 3.075 0, 1.626 -1.626 0
7.425 7.425 0, -1.626 -1.626 0
16.125 7.425 0, -1.626 -1.626 0
24.825 7.425 0, -1.626 -1.626 0
3.075 11.775 0, 1.626 -1.626 0
11.775 11.775 0, 1.626 -1.626 0
20.475 11.7750 0, 1.626 -1.626 0
7.425 16.125 0, 1.626 1.626 0
16.125 16.125 0, 1.626 1.626 0
24.825 16.125 0, 1.626 1.626 0
3.075 20.475 0, -1.626 1.626 0
11.775 20.475 0, -1.626 1.626 0
20.475 20.475 0, -1.626 1.626 0
7.425 24.825 0, 1.626 1.626 0
16.125 24.825 0, 1.626 1.626 0
24.825 24.825 0, 1.626 1.626 0
3.075 29.175 0, 1.626 -1.626 0
11.775 29.175 0, 1.626 -1.626 0
20.475 29.175 0, 1.626 -1.626 0
7.425 33.525 0, -1.626 -1.626 0
16.125 33.525 0, -1.626 -1.626 0
24.825 33.525 0, -1.626 -1.626 0
